00000000: 10110010 10000010 01000011 00000100 00000001  ..C..
00000005: 10110010 10000010 01000011 00000100 00001000  ..C..
0000000a: 10110010 10000010 01000011 00000100 00001110  ..C..
0000000f: 10110010 10000010 01000011 00000100 00010100  ..C..
00000014: 10110010 10000010 01000011 00000100 00001111  ..C..
00000019: 10110010 10000010 01000011 00000100 00001100  ..C..
0000001e: 10110010 10000010 01000011 00000011 01110011  ..C.s
00000023: 10110010 10000010 01000011 00000011 01100000  ..C.`
00000028: 10110010 10000010 01000011 00000011 01011010  ..C.Z
0000002d: 10110010 10000010 01000011 00000011 01011010  ..C.Z
00000032: 10110010 10000010 01000011 00000011 01011101  ..C.]
00000037: 10110010 10000010 01000011 00000011 01100100  ..C.d
0000003c: 10110010 10000010 01000011 00000011 01101101  ..C.m
00000041: 10110010 10000010 01000011 00000011 01111000  ..C.x
00000046: 10110010 10000010 01000011 00000100 00000110  ..C..
0000004b: 10110010 10000010 01000011 00000100 00001111  ..C..
00000050: 10110010 10000010 01000011 00000100 00011111  ..C..
00000055: 10110010 10000010 01000011 00000100 00101100  ..C.,
0000005a: 10110010 10000010 01000011 00000100 00110111  ..C.7
0000005f: 10110010 10000010 01000011 00000100 01000011  ..C.C
00000064: 10110010 10000010 01000011 00000100 01001100  ..C.L
00000069: 10110010 10000010 01000011 00000100 01010110  ..C.V
0000006e: 10110010 10000010 01000011 00000100 01011110  ..C.^
00000073: 10110010 10000010 01000011 00000100 01100111  ..C.g
00000078: 10110010 10000010 01000011 00000100 01101001  ..C.i
0000007d: 10110010 10000010 01000011 00000100 01110100  ..C.t
00000082: 10110010 10000010 01000011 00000101 00000000  ..C..
00000087: 10110010 10000010 01000011 00000101 00000011  ..C..
0000008c: 10110010 10000010 01000011 00000101 00000000  ..C..
00000091: 10110010 10000010 01000011 00000100 01111011  ..C.{
00000096: 10110010 10000010 01000011 00000100 01111100  ..C.|
0000009b: 10110010 10000010 01000011 00000100 01110111  ..C.w
000000a0: 10110010 10000010 01000011 00000100 01110010  ..C.r
000000a5: 10110010 10000010 01000011 00000100 01101111  ..C.o
000000aa: 10110010 10000010 01000011 00000100 01100110  ..C.f
000000af: 10110010 10000010 01000011 00000100 01100011  ..C.c
000000b4: 10110010 10000010 01000011 00000100 01011111  ..C._
000000b9: 10110010 10000010 01000011 00000100 01011010  ..C.Z
000000be: 10110010 10000010 01000011 00000100 01010010  ..C.R
000000c3: 10110010 10000010 01000011 00000100 01001010  ..C.J
000000c8: 10110010 10000010 01000011 00000100 01001101  ..C.M
000000cd: 10110010 10000010 01000011 00000100 01010000  ..C.P
000000d2: 10110010 10000010 01000011 00000100 01010100  ..C.T
000000d7: 10110010 10000010 01000011 00000100 01011000  ..C.X
000000dc: 10110010 10000010 01000011 00000100 01011101  ..C.]
000000e1: 10110010 10000010 01000011 00000100 01100000  ..C.`
000000e6: 10110010 10000010 01000011 00000100 01011111  ..C._
000000eb: 10110010 10000010 01000011 00000100 01011011  ..C.[
000000f0: 10110010 10000010 01000011 00000100 01011011  ..C.[
000000f5: 10110010 10000010 01000011 00000100 01011110  ..C.^
000000fa: 10110010 10000010 01000011 00000100 01011111  ..C._
000000ff: 10110010 10000010 01000011 00000100 01011010  ..C.Z
00000104: 10110010 10000010 01000011 00000100 01011100  ..C.\
00000109: 10110010 10000010 01000011 00000100 01011011  ..C.[
0000010e: 10110010 10000010 01000011 00000100 01011100  ..C.\
00000113: 10110010 10000010 01000011 00000100 01100101  ..C.e
00000118: 10110010 10000010 01000011 00000100 01101010  ..C.j
0000011d: 10110010 10000010 01000011 00000100 01101011  ..C.k
00000122: 10110010 10000010 01000011 00000100 01100100  ..C.d
00000127: 10110010 10000010 01000011 00000100 01011110  ..C.^
0000012c: 10110010 10000010 01000011 00000100 01011011  ..C.[
00000131: 10110010 10000010 01000011 00000100 01100010  ..C.b
00000136: 10110010 10000010 01000011 00000100 01100111  ..C.g
0000013b: 10110010 10000010 01000011 00000100 01110111  ..C.w
00000140: 10110010 10000010 01000011 00000101 00000111  ..C..
00000145: 10110010 10000010 01000011 00000101 00000110  ..C..
0000014a: 10110010 10000010 01000011 00000101 00000010  ..C..
0000014f: 10110010 10000010 01000011 00000100 01111001  ..C.y
00000154: 10110010 10000010 01000011 00000100 01110110  ..C.v
00000159: 10110010 10000010 01000011 00000100 01110011  ..C.s
0000015e: 10110010 10000010 01000011 00000100 01101100  ..C.l
00000163: 10110010 10000010 01000011 00000100 01101011  ..C.k
00000168: 10110010 10000010 01000011 00000100 01101001  ..C.i
0000016d: 10110010 10000010 01000011 00000100 01101001  ..C.i
00000172: 10110010 10000010 01000011 00000100 01100011  ..C.c
00000177: 10110010 10000010 01000011 00000100 01100001  ..C.a
0000017c: 10110010 10000010 01000011 00000100 01100110  ..C.f
00000181: 10110010 10000010 01000011 00000100 01011111  ..C._
00000186: 10110010 10000010 01000011 00000100 01100000  ..C.`
0000018b: 10110010 10000010 01000011 00000100 01011100  ..C.\
00000190: 10110010 10000010 01000011 00000100 01010100  ..C.T
00000195: 10110010 10000010 01000011 00000100 01010100  ..C.T
0000019a: 10110010 10000010 01000011 00000100 01010100  ..C.T
0000019f: 10110010 10000010 01000011 00000100 01010101  ..C.U
000001a4: 10110010 10000010 01000011 00000100 01010110  ..C.V
000001a9: 10110010 10000010 01000011 00000100 01010111  ..C.W
000001ae: 10110010 10000010 01000011 00000100 01011100  ..C.\
000001b3: 10110010 10000010 01000011 00000100 01011110  ..C.^
000001b8: 10110010 10000010 01000011 00000100 01011101  ..C.]
000001bd: 10110010 10000010 01000011 00000100 01011011  ..C.[
000001c2: 10110010 10000010 01000011 00000100 01011001  ..C.Y
000001c7: 10110010 10000010 01000011 00000100 01011000  ..C.X
000001cc: 10110010 10000010 01000011 00000100 01010111  ..C.W
000001d1: 10110010 10000010 01000011 00000100 01011000  ..C.X
000001d6: 10110010 10000010 01000011 00000100 01010110  ..C.V
000001db: 10110010 10000010 01000011 00000100 01010110  ..C.V
000001e0: 10110010 10000010 01000011 00000100 01010101  ..C.U
000001e5: 10110010 10000010 01000011 00000100 01010101  ..C.U
000001ea: 10110010 10000010 01000011 00000100 01010101  ..C.U
000001ef: 10110010 10000010 01000011 00000100 01010101  ..C.U
